0.613542,0 -> 0,0,0,0,0,1
0.636458,0 -> 0,0,0,0,0,1
0.667708,0 -> 0,0,0,0,0,1
0.696875,0 -> 0,0,0,0,0,1
0.723958,0 -> 0,0,0,0,0,1
0.751042,0 -> 0,0,0,0,0,1
0.78125,0.00185185 -> 0,0,0,0,0,1
0.797917,0.00648148 -> 0,0,0,0,0,1
0.811458,0.012037 -> 0,0,0,0,0,1
0.325,0.012963 -> 0,0,1,0,0,0
0.359375,0.012963 -> 0,0,1,0,0,0
0.421875,0.012963 -> 0,0,1,0,0,0
0.39375,0.0138889 -> 0,0,1,0,0,0
0.285417,0.0157407 -> 0,0,1,0,0,0
0.44375,0.0185185 -> 0,0,1,0,0,0
0.828125,0.0194444 -> 0,0,0,0,0,1
0.244792,0.0212963 -> 0,0,1,0,0,0
0.204167,0.025 -> 0,0,1,0,0,0
0.475,0.0259259 -> 0,0,1,0,0,0
0.845833,0.0277778 -> 0,0,0,0,0,1
0.43125,0.0333333 -> 0,0,1,0,0,0
0.364583,0.0342593 -> 0,0,1,0,0,0
0.509375,0.0351852 -> 0,0,1,0,0,0
0.139583,0.0361111 -> 0,0,1,0,0,0
0.271875,0.0361111 -> 0,0,1,0,0,0
0.860417,0.0361111 -> 0,0,0,0,0,1
0.1625,0.037037 -> 0,0,1,0,0,0
0.475,0.037037 -> 0,0,1,0,0,0
0.123958,0.0398148 -> 0,0,1,0,0,0
0.120833,0.0407407 -> 0,0,1,0,0,0
0.544792,0.0435185 -> 0,0,1,0,0,0
0.872917,0.0435185 -> 0,0,0,0,0,1
0.0833333,0.0453704 -> 0,0,1,0,0,0
0.532292,0.0472222 -> 0,0,1,0,0,0
0.884375,0.0537037 -> 0,0,0,0,0,1
0.585417,0.0564815 -> 0,0,1,0,0,0
0.040625,0.0583333 -> 0,0,1,0,0,0
0.0447917,0.0583333 -> 0,0,1,0,0,0
0.227083,0.0601852 -> 0,0,0,1,0,0
0.278125,0.0611111 -> 0,0,0,1,0,0
0.192708,0.062963 -> 0,0,0,1,0,0
0.3375,0.062963 -> 0,0,0,1,0,0
0.578125,0.062963 -> 0,0,1,0,0,0
0.89375,0.0638889 -> 0,0,0,0,0,1
0.391667,0.0675926 -> 0,0,0,1,0,0
0.610417,0.0685185 -> 0,0,1,0,0,0
0.157292,0.0712963 -> 0,0,0,1,0,0
0.460417,0.0740741 -> 0,0,0,1,0,0
0.39375,0.0759259 -> 0,0,0,1,0,0
0.408333,0.0759259 -> 0,0,0,1,0,0
0.419792,0.0759259 -> 0,0,0,1,0,0
0.435417,0.0759259 -> 0,0,0,1,0,0
0.444792,0.0768519 -> 0,0,0,1,0,0
0.377083,0.0777778 -> 0,0,0,1,0,0
0.617708,0.0787037 -> 0,0,1,0,0,0
0.459375,0.0796296 -> 0,0,0,1,0,0
0.653125,0.0796296 -> 0,0,1,0,0,0
0.122917,0.0814815 -> 0,0,0,1,0,0
0.510417,0.0814815 -> 0,0,0,1,0,0
0.46875,0.0824074 -> 0,0,0,1,0,0
0.90625,0.0824074 -> 0,0,0,0,0,1
0.34375,0.0833333 -> 0,0,0,1,0,0
0.475,0.0842593 -> 0,0,0,1,0,0
0.480208,0.0861111 -> 0,0,0,1,0,0
0.483333,0.087037 -> 0,0,0,1,0,0
0.308333,0.087963 -> 0,0,0,1,0,0
0.285417,0.0888889 -> 0,0,0,1,0,0
0.490625,0.0898148 -> 0,0,0,1,0,0
0.25,0.0916667 -> 0,0,0,1,0,0
0.501042,0.0935185 -> 0,0,0,1,0,0
0.548958,0.0935185 -> 0,0,0,1,0,0
0.684375,0.0935185 -> 0,0,1,0,0,0
0.223958,0.0944444 -> 0,0,0,1,0,0
0.0916667,0.0962963 -> 0,0,0,1,0,0
0.653125,0.0962963 -> 0,0,1,0,0,0
0.19375,0.0981481 -> 0,0,0,1,0,0
0.513542,0.0990741 -> 0,0,0,1,0,0
0.169792,0.101852 -> 0,0,0,1,0,0
0.566667,0.102778 -> 0,0,0,1,0,0
0.528125,0.10463 -> 0,0,0,1,0,0
0.151042,0.106481 -> 0,0,0,1,0,0
0.919792,0.108333 -> 0,0,0,0,0,1
0.141667,0.109259 -> 0,0,0,1,0,0
0.541667,0.112037 -> 0,0,0,1,0,0
0.0666667,0.112963 -> 0,0,0,1,0,0
0.683333,0.117593 -> 0,0,1,0,0,0
0.722917,0.117593 -> 0,0,1,0,0,0
0.552083,0.118519 -> 0,0,0,1,0,0
0.114583,0.121296 -> 0,0,0,1,0,0
0.584375,0.121296 -> 0,0,0,1,0,0
0.560417,0.127778 -> 0,0,0,1,0,0
0.046875,0.131481 -> 0,0,0,1,0,0
0.928125,0.131481 -> 0,0,0,0,0,1
0.383333,0.133333 -> 0,0,0,0,1,0
0.417708,0.134259 -> 0,0,0,0,1,0
0.342708,0.138889 -> 0,0,0,0,1,0
0.59375,0.138889 -> 0,0,0,1,0,0
0.43125,0.140741 -> 0,0,0,0,1,0
0.56875,0.140741 -> 0,0,0,1,0,0
0.0791667,0.143519 -> 0,0,0,1,0,0
0.753125,0.144444 -> 0,0,1,0,0,0
0.722917,0.146296 -> 0,0,1,0,0,0
0.933333,0.146296 -> 0,0,0,0,0,1
0.286458,0.148148 -> 0,0,0,0,1,0
0.405208,0.148148 -> 0,0,0,0,1,0
0.570833,0.151852 -> 0,0,0,1,0,0
0.028125,0.155556 -> 0,0,0,1,0,0
0.244792,0.155556 -> 0,0,0,0,1,0
0.357292,0.156481 -> 0,0,0,0,1,0
0.773958,0.161111 -> 0,0,1,0,0,0
0.0520833,0.162963 -> 0,0,0,1,0,0
0.297917,0.163889 -> 0,0,0,0,1,0
0.603125,0.164815 -> 0,0,0,1,0,0
0.798958,0.167593 -> 0,0,1,0,0,0
0.210417,0.168519 -> 0,0,0,0,1,0
0.569792,0.168519 -> 0,0,0,1,0,0
0.938542,0.168519 -> 0,0,0,0,0,1
0.254167,0.17037 -> 0,0,0,0,1,0
0.804167,0.174074 -> 0,0,1,0,0,0
0.0364583,0.176852 -> 0,0,0,1,0,0
0.227083,0.176852 -> 0,0,0,0,1,0
0.763542,0.17963 -> 0,0,1,0,0,0
0.015625,0.181481 -> 0,0,0,1,0,0
0.185417,0.181481 -> 0,0,0,0,1,0
0.940625,0.183333 -> 0,0,0,0,0,1
0.208333,0.184259 -> 0,0,0,0,1,0
0.60625,0.189815 -> 0,0,0,1,0,0
0.5625,0.190741 -> 0,0,0,1,0,0
0.194792,0.193519 -> 0,0,0,0,1,0
0.801042,0.198148 -> 0,0,1,0,0,0
0.015625,0.199074 -> 0,0,0,1,0,0
0.94375,0.2 -> 0,0,0,0,0,1
0.160417,0.203704 -> 0,0,0,0,1,0
0.175,0.207407 -> 0,0,0,0,1,0
0.79375,0.209259 -> 0,0,1,0,0,0
0.00520833,0.210185 -> 0,0,0,1,0,0
0.840625,0.211111 -> 0,0,1,0,0,0
0.547917,0.214815 -> 0,0,0,1,0,0
0.601042,0.216667 -> 0,0,0,1,0,0
0.945833,0.216667 -> 0,0,0,0,0,1
0.823958,0.221296 -> 0,0,1,0,0,0
0.161458,0.224074 -> 0,0,0,0,1,0
0.839583,0.227778 -> 0,0,1,0,0,0
0.142708,0.231481 -> 0,0,0,0,1,0
0.947917,0.231481 -> 0,0,0,0,0,1
0.808333,0.234259 -> 0,0,1,0,0,0
-0.00625,0.237963 -> 0,0,0,1,0,0
0.522917,0.238889 -> 0,0,0,1,0,0
0.825,0.238889 -> 0,0,1,0,0,0
0.836458,0.238889 -> 0,0,1,0,0,0
0,0.239815 -> 0,0,0,1,0,0
0.589583,0.239815 -> 0,0,0,1,0,0
0.947917,0.246296 -> 0,0,0,0,0,1
0.145833,0.247222 -> 0,0,0,0,1,0
0.834375,0.250926 -> 0,0,1,0,0,0
0.810417,0.252778 -> 0,0,1,0,0,0
0.490625,0.256481 -> 0,0,0,1,0,0
0.569792,0.259259 -> 0,0,0,1,0,0
0.947917,0.260185 -> 0,0,0,0,0,1
0.83125,0.262963 -> 0,0,1,0,0,0
0.138542,0.263889 -> 0,0,0,0,1,0
0.4625,0.265741 -> 0,0,0,1,0,0
-0.01875,0.272222 -> 0,0,0,1,0,0
0.439583,0.272222 -> 0,0,0,1,0,0
0.54375,0.274074 -> 0,0,0,1,0,0
0,0.275 -> 0,0,0,1,0,0
0.808333,0.275 -> 0,0,1,0,0,0
0.947917,0.275 -> 0,0,0,0,0,1
0.123958,0.280556 -> 0,0,0,0,1,0
0.197917,0.280556 -> 0,0,1,0,0,0
0.197917,0.281481 -> 0,0,1,0,0,0
0.819792,0.283333 -> 0,0,1,0,0,0
0.5125,0.284259 -> 0,0,0,1,0,0
0.134375,0.285185 -> 0,0,0,0,1,0
0.396875,0.286111 -> 0,0,0,1,0,0
0.827083,0.287963 -> 0,0,1,0,0,0
0.179167,0.288889 -> 0,0,1,0,0,0
0.195833,0.288889 -> 0,0,1,0,0,0
0.186458,0.289815 -> 0,0,1,0,0,0
0.333333,0.291667 -> 0,0,0,1,0,0
0.478125,0.291667 -> 0,0,0,1,0,0
0.345833,0.292593 -> 0,0,0,1,0,0
0.180208,0.293519 -> 0,0,1,0,0,0
0.195833,0.294444 -> 0,0,1,0,0,0
0.944792,0.294444 -> 0,0,0,0,0,1
0.438542,0.29537 -> 0,0,0,1,0,0
0.8375,0.29537 -> 0,0,1,0,0,0
0.383333,0.298148 -> 0,0,0,1,0,0
-0.0239583,0.299074 -> 0,0,0,1,0,0
0.335417,0.299074 -> 0,0,0,1,0,0
0.195833,0.3 -> 0,0,1,0,0,0
0.311458,0.3 -> 0,0,0,1,0,0
0.00208333,0.300926 -> 0,0,0,1,0,0
0.794792,0.300926 -> 0,0,1,0,0,0
0.817708,0.306481 -> 0,0,1,0,0,0
0.13125,0.310185 -> 0,0,0,0,1,0
0.198958,0.310185 -> 0,0,1,0,0,0
0.189583,0.312963 -> 0,0,1,0,0,0
0.814583,0.313889 -> 0,0,1,0,0,0
0.202083,0.316667 -> 0,0,1,0,0,0
0.798958,0.316667 -> 0,0,1,0,0,0
0.939583,0.317593 -> 0,0,0,0,0,1
0.838542,0.319444 -> 0,0,1,0,0,0
0.780208,0.32037 -> 0,0,1,0,0,0
0.207292,0.325926 -> 0,0,1,0,0,0
0.80625,0.327778 -> 0,0,1,0,0,0
0.114583,0.330556 -> 0,0,0,0,1,0
-0.0260417,0.331481 -> 0,0,0,1,0,0
0.766667,0.334259 -> 0,0,1,0,0,0
0.833333,0.335185 -> 0,0,1,0,0,0
0.00208333,0.337037 -> 0,0,0,1,0,0
0.210417,0.337037 -> 0,0,1,0,0,0
0.202083,0.337963 -> 0,0,1,0,0,0
0.214583,0.338889 -> 0,0,1,0,0,0
0.13125,0.341667 -> 0,0,0,0,1,0
0.76875,0.344444 -> 0,0,1,0,0,0
0.932292,0.34537 -> 0,0,0,0,0,1
0.752083,0.346296 -> 0,0,1,0,0,0
0.820833,0.35 -> 0,0,1,0,0,0
0.23125,0.351852 -> 0,0,1,0,0,0
0.780208,0.355556 -> 0,0,1,0,0,0
0.729167,0.358333 -> 0,0,1,0,0,0
-0.028125,0.360185 -> 0,0,0,1,0,0
0.221875,0.361111 -> 0,0,1,0,0,0
0.00625,0.362037 -> 0,0,0,1,0,0
0.254167,0.362037 -> 0,0,1,0,0,0
0.808333,0.363889 -> 0,0,1,0,0,0
0.7375,0.366667 -> 0,0,1,0,0,0
0.761458,0.367593 -> 0,0,1,0,0,0
0.927083,0.367593 -> 0,0,0,0,0,1
0.246875,0.371296 -> 0,0,1,0,0,0
0.695833,0.372222 -> 0,0,1,0,0,0
0.229167,0.373148 -> 0,0,1,0,0,0
0.252083,0.374074 -> 0,0,1,0,0,0
0.138542,0.375 -> 0,0,0,0,1,0
0.115625,0.376852 -> 0,0,0,0,1,0
0.295833,0.378704 -> 0,0,1,0,0,0
0.7875,0.378704 -> 0,0,1,0,0,0
0.657292,0.384259 -> 0,0,1,0,0,0
0.240625,0.385185 -> 0,0,1,0,0,0
0.273958,0.386111 -> 0,0,1,0,0,0
0.703125,0.386111 -> 0,0,1,0,0,0
0.709375,0.387963 -> 0,0,1,0,0,0
0.919792,0.387963 -> 0,0,0,0,0,1
0.23125,0.388889 -> 0,0,1,0,0,0
0.254167,0.390741 -> 0,0,1,0,0,0
0.619792,0.391667 -> 0,0,1,0,0,0
0.764583,0.391667 -> 0,0,1,0,0,0
-0.028125,0.393519 -> 0,0,0,1,0,0
0.00729167,0.393519 -> 0,0,0,1,0,0
0.271875,0.396296 -> 0,0,1,0,0,0
0.575,0.396296 -> 0,0,1,0,0,0
0.35,0.399074 -> 0,0,1,0,0,0
0.290625,0.4 -> 0,0,1,0,0,0
0.655208,0.4 -> 0,0,1,0,0,0
0.526042,0.402778 -> 0,0,1,0,0,0
0.659375,0.402778 -> 0,0,1,0,0,0
0.914583,0.402778 -> 0,0,0,0,0,1
0.310417,0.403704 -> 0,0,1,0,0,0
0.733333,0.40463 -> 0,0,1,0,0,0
0.34375,0.407407 -> 0,0,1,0,0,0
0.475,0.407407 -> 0,0,1,0,0,0
0.590625,0.408333 -> 0,0,1,0,0,0
0.386458,0.409259 -> 0,0,1,0,0,0
0.436458,0.409259 -> 0,0,1,0,0,0
0.272917,0.411111 -> 0,0,1,0,0,0
0.325,0.411111 -> 0,0,1,0,0,0
0.61875,0.411111 -> 0,0,1,0,0,0
0.15,0.412037 -> 0,0,0,0,1,0
0.523958,0.413889 -> 0,0,1,0,0,0
0.698958,0.415741 -> 0,0,1,0,0,0
0.575,0.417593 -> 0,0,1,0,0,0
-0.0270833,0.419444 -> 0,0,0,1,0,0
0.00833333,0.419444 -> 0,0,0,1,0,0
0.305208,0.419444 -> 0,0,1,0,0,0
0.409375,0.42037 -> 0,0,1,0,0,0
0.908333,0.421296 -> 0,0,0,0,0,1
0.463542,0.423148 -> 0,0,1,0,0,0
0.675,0.423148 -> 0,0,1,0,0,0
0.403125,0.424074 -> 0,0,1,0,0,0
0.339583,0.425 -> 0,0,1,0,0,0
0.517708,0.426852 -> 0,0,1,0,0,0
0.371875,0.427778 -> 0,0,1,0,0,0
0.410417,0.430556 -> 0,0,1,0,0,0
0.464583,0.430556 -> 0,0,1,0,0,0
0.122917,0.432407 -> 0,0,0,0,1,0
0.634375,0.434259 -> 0,0,1,0,0,0
0.476042,0.437963 -> 0,0,1,0,0,0
0.5875,0.441667 -> 0,0,1,0,0,0
0.532292,0.442593 -> 0,0,1,0,0,0
0.89375,0.443519 -> 0,0,0,0,0,1
-0.0197917,0.450926 -> 0,0,0,1,0,0
0.163542,0.451852 -> 0,0,0,0,1,0
0.00833333,0.453704 -> 0,0,0,1,0,0
-0.0125,0.464815 -> 0,0,0,1,0,0
0.876042,0.464815 -> 0,0,0,0,0,1
0.133333,0.474074 -> 0,0,0,0,1,0
0.860417,0.47963 -> 0,0,0,0,0,1
0.00833333,0.480556 -> 0,0,0,1,0,0
0.177083,0.484259 -> 0,0,0,0,1,0
-0.003125,0.489815 -> 0,0,0,1,0,0
0.840625,0.494444 -> 0,0,0,0,0,1
0.822917,0.502778 -> 0,0,0,0,0,1
0.801042,0.510185 -> 0,0,0,0,0,1
0.148958,0.511111 -> 0,0,0,0,1,0
0.186458,0.512037 -> 0,0,0,0,1,0
0.00416667,0.512963 -> 0,0,0,1,0,0
0.770833,0.517593 -> 0,0,0,0,0,1
0.009375,0.518519 -> 0,0,0,1,0,0
0.748958,0.522222 -> 0,0,0,0,0,1
0.315625,0.524074 -> 0,0,0,0,0,1
0.327083,0.527778 -> 0,0,0,0,0,1
0.714583,0.527778 -> 0,0,0,0,0,1
0.929167,0.531481 -> 1,0,0,0,0,0
0.395833,0.533333 -> 0,0,0,0,0,1
0.671875,0.533333 -> 0,0,0,0,0,1
0.511458,0.537037 -> 0,0,0,0,0,1
0.00729167,0.537963 -> 0,0,0,1,0,0
0.597917,0.538889 -> 0,0,0,0,0,1
0.96875,0.538889 -> 1,0,0,0,0,0
0.196875,0.544444 -> 0,0,0,0,1,0
0.173958,0.551852 -> 0,0,0,0,1,0
0.9625,0.555556 -> 1,0,0,0,0,0
0.0114583,0.557407 -> 0,0,0,1,0,0
0.009375,0.560185 -> 0,0,0,1,0,0
0.208333,0.572222 -> 0,0,0,0,1,0
0.830208,0.572222 -> 1,0,0,0,0,0
0.911458,0.572222 -> 1,0,0,0,0,0
0.664583,0.573148 -> 1,0,0,0,0,0
0.726042,0.573148 -> 1,0,0,0,0,0
0.883333,0.573148 -> 1,0,0,0,0,0
0.592708,0.574074 -> 1,0,0,0,0,0
0.783333,0.574074 -> 1,0,0,0,0,0
0.786458,0.574074 -> 1,0,0,0,0,0
0.529167,0.575 -> 1,0,0,0,0,0
0.908333,0.576852 -> 1,0,0,0,0,0
0.920833,0.57963 -> 1,0,0,0,0,0
0.201042,0.580556 -> 0,0,0,0,1,0
0.445833,0.583333 -> 1,0,0,0,0,0
0.0104167,0.584259 -> 0,0,0,1,0,0
0.321875,0.584259 -> 1,0,0,0,0,0
0.322917,0.584259 -> 1,0,0,0,0,0
0.4,0.585185 -> 1,0,0,0,0,0
0.340625,0.586111 -> 1,0,0,0,0,0
0.835417,0.587963 -> 1,0,0,0,0,0
0.380208,0.588889 -> 1,0,0,0,0,0
0.772917,0.589815 -> 1,0,0,0,0,0
0.3375,0.590741 -> 1,0,0,0,0,0
0.90625,0.590741 -> 1,0,0,0,0,0
0.419792,0.592593 -> 1,0,0,0,0,0
0.872917,0.592593 -> 1,0,0,0,0,0
0.934375,0.592593 -> 1,0,0,0,0,0
0.941667,0.592593 -> 1,0,0,0,0,0
0.79375,0.593519 -> 1,0,0,0,0,0
0.415625,0.594444 -> 1,0,0,0,0,0
0.464583,0.594444 -> 1,0,0,0,0,0
0.0145833,0.59537 -> 0,0,0,1,0,0
0.410417,0.59537 -> 1,0,0,0,0,0
0.228125,0.596296 -> 0,0,0,0,1,0
0.941667,0.599074 -> 1,0,0,0,0,0
0.680208,0.6 -> 1,0,0,0,0,0
0.95625,0.600926 -> 1,0,0,0,0,0
0.46875,0.601852 -> 1,0,0,0,0,0
0.452083,0.602778 -> 1,0,0,0,0,0
0.0135417,0.60463 -> 0,0,0,1,0,0
0.578125,0.60463 -> 1,0,0,0,0,0
0.939583,0.60463 -> 1,0,0,0,0,0
0.94375,0.60463 -> 1,0,0,0,0,0
0.402083,0.605556 -> 1,0,0,0,0,0
0.233333,0.606481 -> 0,0,0,0,1,0
0.397917,0.606481 -> 1,0,0,0,0,0
0.879167,0.606481 -> 1,0,0,0,0,0
0.489583,0.607407 -> 1,0,0,0,0,0
0.408333,0.608333 -> 1,0,0,0,0,0
0.678125,0.609259 -> 1,0,0,0,0,0
0.244792,0.610185 -> 0,0,0,0,1,0
0.523958,0.612037 -> 1,0,0,0,0,0
0.454167,0.612963 -> 1,0,0,0,0,0
0.696875,0.614815 -> 1,0,0,0,0,0
0.766667,0.614815 -> 1,0,0,0,0,0
0.957292,0.616667 -> 1,0,0,0,0,0
0.465625,0.617593 -> 1,0,0,0,0,0
0.482292,0.617593 -> 1,0,0,0,0,0
0.630208,0.617593 -> 1,0,0,0,0,0
0.536458,0.619444 -> 1,0,0,0,0,0
0.834375,0.619444 -> 1,0,0,0,0,0
0.497917,0.62037 -> 1,0,0,0,0,0
0.6375,0.622222 -> 1,0,0,0,0,0
0.269792,0.624074 -> 0,0,0,0,1,0
0.611458,0.624074 -> 1,0,0,0,0,0
0.0145833,0.625 -> 0,0,0,1,0,0
0.782292,0.625 -> 1,0,0,0,0,0
0.910417,0.625 -> 1,0,0,0,0,0
0.6125,0.626852 -> 1,0,0,0,0,0
0.53125,0.627778 -> 1,0,0,0,0,0
0.85625,0.628704 -> 1,0,0,0,0,0
0.858333,0.62963 -> 1,0,0,0,0,0
0.865625,0.62963 -> 1,0,0,0,0,0
0.678125,0.631481 -> 1,0,0,0,0,0
0.907292,0.631481 -> 1,0,0,0,0,0
0.01875,0.632407 -> 0,0,0,1,0,0
0.28125,0.632407 -> 0,0,0,0,1,0
0.716667,0.632407 -> 1,0,0,0,0,0
0.2875,0.633333 -> 0,0,0,0,1,0
0.955208,0.633333 -> 1,0,0,0,0,0
0.842708,0.634259 -> 1,0,0,0,0,0
0.860417,0.634259 -> 1,0,0,0,0,0
0.8,0.635185 -> 1,0,0,0,0,0
0.839583,0.635185 -> 1,0,0,0,0,0
0.95625,0.638889 -> 1,0,0,0,0,0
0.971875,0.638889 -> 1,0,0,0,0,0
0.736458,0.639815 -> 1,0,0,0,0,0
0.311458,0.642593 -> 0,0,0,0,1,0
0.613542,0.642593 -> 1,0,0,0,0,0
0.965625,0.643519 -> 1,0,0,0,0,0
0.0291667,0.647222 -> 0,0,0,1,0,0
0.94375,0.648148 -> 1,0,0,0,0,0
0.815625,0.649074 -> 1,0,0,0,0,0
0.025,0.65 -> 0,0,0,1,0,0
0.876042,0.65 -> 1,0,0,0,0,0
0.330208,0.651852 -> 0,0,0,0,1,0
0.336458,0.652778 -> 0,0,0,0,1,0
0.90625,0.653704 -> 1,0,0,0,0,0
0.879167,0.65463 -> 1,0,0,0,0,0
0.885417,0.65463 -> 1,0,0,0,0,0
0.925,0.65463 -> 1,0,0,0,0,0
0.714583,0.656481 -> 1,0,0,0,0,0
0.0302083,0.658333 -> 0,0,0,1,0,0
0.35,0.659259 -> 0,0,0,0,1,0
0.894792,0.660185 -> 1,0,0,0,0,0
0.20625,0.662037 -> 0,0,0,1,0,0
0.885417,0.662037 -> 1,0,0,0,0,0
0.805208,0.664815 -> 1,0,0,0,0,0
0.958333,0.664815 -> 1,0,0,0,0,0
0.0375,0.666667 -> 0,0,0,1,0,0
0.0489583,0.668519 -> 0,0,0,1,0,0
0.373958,0.668519 -> 0,0,0,0,1,0
0.971875,0.668519 -> 1,0,0,0,0,0
0.39375,0.67037 -> 0,0,0,0,1,0
0.915625,0.671296 -> 1,0,0,0,0,0
0.977083,0.672222 -> 1,0,0,0,0,0
0.0458333,0.674074 -> 0,0,0,1,0,0
0.152083,0.676852 -> 0,0,0,1,0,0
0.05625,0.680556 -> 0,0,0,1,0,0
0.405208,0.680556 -> 0,0,0,0,1,0
0.0625,0.681481 -> 0,0,0,1,0,0
0.102083,0.681481 -> 0,0,0,1,0,0
0.883333,0.681481 -> 1,0,0,0,0,0
0.457292,0.682407 -> 0,0,0,0,1,0
0.0770833,0.683333 -> 0,0,0,1,0,0
0.947917,0.686111 -> 1,0,0,0,0,0
0.43125,0.687963 -> 0,0,0,0,1,0
0.520833,0.688889 -> 0,0,0,0,1,0
0.916667,0.689815 -> 1,0,0,0,0,0
0.979167,0.689815 -> 1,0,0,0,0,0
0.980208,0.691667 -> 1,0,0,0,0,0
0.455208,0.693519 -> 0,0,0,0,1,0
0.978125,0.693519 -> 1,0,0,0,0,0
0.980208,0.693519 -> 1,0,0,0,0,0
0.583333,0.69537 -> 0,0,0,0,1,0
0.141667,0.698148 -> 0,0,0,1,0,0
0.651042,0.699074 -> 0,0,0,0,1,0
0.482292,0.700926 -> 0,0,0,0,1,0
0.905208,0.700926 -> 1,0,0,0,0,0
0.720833,0.703704 -> 0,0,0,0,1,0
0.517708,0.70463 -> 0,0,0,0,1,0
0.820833,0.708333 -> 0,0,0,0,1,0
0.938542,0.710185 -> 1,0,0,0,0,0
0.558333,0.711111 -> 0,0,0,0,1,0
0.601042,0.712963 -> 0,0,0,0,1,0
0.64375,0.716667 -> 0,0,0,0,1,0
0.677083,0.716667 -> 0,0,0,0,1,0
0.7125,0.718519 -> 0,0,0,0,1,0
0.736458,0.719444 -> 0,0,0,0,1,0
0.213542,0.721296 -> 0,1,0,0,0,0
0.764583,0.721296 -> 0,0,0,0,1,0
0.172917,0.722222 -> 0,1,0,0,0,0
0.255208,0.722222 -> 0,1,0,0,0,0
0.142708,0.724074 -> 0,1,0,0,0,0
0.3,0.725 -> 0,1,0,0,0,0
0.791667,0.725 -> 0,0,0,0,1,0
0.815625,0.726852 -> 0,0,0,0,1,0
0.1125,0.727778 -> 0,1,0,0,0,0
0.338542,0.727778 -> 0,1,0,0,0,0
0.838542,0.727778 -> 0,0,0,0,1,0
0.869792,0.728704 -> 0,0,0,0,1,0
0.952083,0.72963 -> 1,0,0,0,0,0
0.101042,0.731481 -> 0,1,0,0,0,0
0.163542,0.731481 -> 0,1,0,0,0,0
0.379167,0.731481 -> 0,1,0,0,0,0
0.95625,0.731481 -> 1,0,0,0,0,0
0.95625,0.732407 -> 1,0,0,0,0,0
0.110417,0.736111 -> 0,1,0,0,0,0
0.426042,0.737037 -> 0,1,0,0,0,0
0.111458,0.738889 -> 0,1,0,0,0,0
0.208333,0.738889 -> 0,1,0,0,0,0
0.171875,0.739815 -> 0,1,0,0,0,0
0.486458,0.741667 -> 0,1,0,0,0,0
0.0770833,0.742593 -> 0,1,0,0,0,0
0.0770833,0.743519 -> 0,1,0,0,0,0
0.228125,0.744444 -> 0,1,0,0,0,0
0.532292,0.74537 -> 0,1,0,0,0,0
0.06875,0.750926 -> 0,1,0,0,0,0
0.320833,0.751852 -> 0,1,0,0,0,0
0.425,0.753704 -> 0,1,0,0,0,0
0.0604167,0.75463 -> 0,1,0,0,0,0
0.520833,0.75463 -> 0,1,0,0,0,0
0.597917,0.75463 -> 0,1,0,0,0,0
0.61875,0.757407 -> 0,1,0,0,0,0
0.0520833,0.758333 -> 0,1,0,0,0,0
0.692708,0.759259 -> 0,1,0,0,0,0
0.661458,0.761111 -> 0,1,0,0,0,0
0.767708,0.764815 -> 0,1,0,0,0,0
0.71875,0.768519 -> 0,1,0,0,0,0
0.784375,0.773148 -> 0,1,0,0,0,0
0.04375,0.774074 -> 0,1,0,0,0,0
0.817708,0.775926 -> 0,1,0,0,0,0
0.825,0.775926 -> 0,1,0,0,0,0
0.834375,0.776852 -> 0,1,0,0,0,0
0.214583,0.778704 -> 0,0,1,0,0,0
0.264583,0.778704 -> 0,0,1,0,0,0
0.0229167,0.77963 -> 0,1,0,0,0,0
0.314583,0.780556 -> 0,0,1,0,0,0
0.369792,0.780556 -> 0,0,1,0,0,0
0.0354167,0.781481 -> 0,1,0,0,0,0
0.171875,0.781481 -> 0,0,1,0,0,0
0.483333,0.781481 -> 0,0,1,0,0,0
0.434375,0.782407 -> 0,0,1,0,0,0
0.569792,0.787963 -> 0,0,1,0,0,0
0.873958,0.788889 -> 0,1,0,0,0,0
0.034375,0.792593 -> 0,1,0,0,0,0
0.144792,0.79537 -> 0,0,1,0,0,0
0.34375,0.8 -> 0,0,1,0,0,0
0.410417,0.8 -> 0,0,1,0,0,0
0.475,0.801852 -> 0,0,1,0,0,0
0.689583,0.802778 -> 0,0,1,0,0,0
0.9,0.802778 -> 0,1,0,0,0,0
0.294792,0.807407 -> 0,0,1,0,0,0
0.0104167,0.809259 -> 0,1,0,0,0,0
0.028125,0.810185 -> 0,1,0,0,0,0
0.625,0.812963 -> 0,0,1,0,0,0
0.415625,0.813889 -> 0,0,1,0,0,0
0.0239583,0.814815 -> 0,1,0,0,0,0
0.133333,0.814815 -> 0,0,1,0,0,0
0.5,0.815741 -> 0,0,1,0,0,0
0.920833,0.816667 -> 0,1,0,0,0,0
0.2875,0.818519 -> 0,0,1,0,0,0
0.559375,0.818519 -> 0,0,1,0,0,0
0.796875,0.818519 -> 0,0,1,0,0,0
0.722917,0.821296 -> 0,0,1,0,0,0
0.823958,0.823148 -> 0,0,1,0,0,0
0.68125,0.824074 -> 0,0,1,0,0,0
0.0260417,0.833333 -> 0,1,0,0,0,0
0.509375,0.833333 -> 0,0,1,0,0,0
0.552083,0.834259 -> 0,0,1,0,0,0
0.8125,0.837037 -> 0,0,1,0,0,0
0.940625,0.837037 -> 0,1,0,0,0,0
0.03125,0.837963 -> 0,1,0,0,0,0
0.259375,0.837963 -> 0,0,1,0,0,0
0.135417,0.847222 -> 0,0,1,0,0,0
0.439583,0.847222 -> 0,0,1,0,0,0
0.780208,0.848148 -> 0,0,1,0,0,0
0.0145833,0.853704 -> 0,1,0,0,0,0
0.861458,0.853704 -> 0,0,1,0,0,0
0.957292,0.85463 -> 0,1,0,0,0,0
0.0291667,0.856481 -> 0,1,0,0,0,0
0.369792,0.856481 -> 0,0,1,0,0,0
0.640625,0.856481 -> 0,0,1,0,0,0
0.228125,0.859259 -> 0,0,1,0,0,0
0.360417,0.864815 -> 0,0,1,0,0,0
0.45,0.864815 -> 0,0,1,0,0,0
0.0489583,0.87037 -> 0,1,0,0,0,0
0.160417,0.872222 -> 0,0,1,0,0,0
0.557292,0.875 -> 0,0,1,0,0,0
0.965625,0.875 -> 0,1,0,0,0,0
0.246875,0.875926 -> 0,0,1,0,0,0
0.692708,0.876852 -> 0,0,1,0,0,0
0.0385417,0.880556 -> 0,1,0,0,0,0
0.559375,0.883333 -> 0,0,1,0,0,0
0.730208,0.884259 -> 0,0,1,0,0,0
0.905208,0.887963 -> 0,0,1,0,0,0
0.340625,0.891667 -> 0,0,1,0,0,0
0.0666667,0.893519 -> 0,1,0,0,0,0
0.246875,0.893519 -> 0,0,1,0,0,0
0.2,0.894444 -> 0,0,1,0,0,0
0.966667,0.897222 -> 0,1,0,0,0,0
0.835417,0.898148 -> 0,0,1,0,0,0
0.0489583,0.899074 -> 0,1,0,0,0,0
0.0479167,0.900926 -> 0,1,0,0,0,0
0.454167,0.905556 -> 0,0,1,0,0,0
0.90625,0.909259 -> 0,0,1,0,0,0
0.260417,0.912037 -> 0,0,1,0,0,0
0.0854167,0.912963 -> 0,1,0,0,0,0
0.305208,0.918519 -> 0,0,1,0,0,0
0.963542,0.92037 -> 0,1,0,0,0,0
0.408333,0.921296 -> 0,0,1,0,0,0
0.0729167,0.924074 -> 0,1,0,0,0,0
0.366667,0.926852 -> 0,0,1,0,0,0
0.105208,0.927778 -> 0,1,0,0,0,0
0.667708,0.927778 -> 0,0,1,0,0,0
0.433333,0.931481 -> 0,0,1,0,0,0
0.353125,0.932407 -> 0,0,1,0,0,0
0.884375,0.932407 -> 0,0,1,0,0,0
0.464583,0.936111 -> 0,0,1,0,0,0
0.0927083,0.937963 -> 0,1,0,0,0,0
0.484375,0.939815 -> 0,0,1,0,0,0
0.955208,0.940741 -> 0,1,0,0,0,0
0.555208,0.941667 -> 0,0,1,0,0,0
0.102083,0.942593 -> 0,1,0,0,0,0
0.61875,0.942593 -> 0,0,1,0,0,0
0.815625,0.944444 -> 0,0,1,0,0,0
0.529167,0.949074 -> 0,0,1,0,0,0
0.820833,0.949074 -> 0,0,1,0,0,0
0.14375,0.95 -> 0,1,0,0,0,0
0.646875,0.95 -> 0,0,1,0,0,0
0.610417,0.950926 -> 0,0,1,0,0,0
0.6875,0.952778 -> 0,0,1,0,0,0
0.736458,0.953704 -> 0,0,1,0,0,0
0.145833,0.957407 -> 0,1,0,0,0,0
0.938542,0.961111 -> 0,1,0,0,0,0
0.148958,0.968519 -> 0,1,0,0,0,0
0.194792,0.97037 -> 0,1,0,0,0,0
0.914583,0.974074 -> 0,1,0,0,0,0
0.253125,0.97963 -> 0,1,0,0,0,0
0.8875,0.980556 -> 0,1,0,0,0,0
0.260417,0.982407 -> 0,1,0,0,0,0
0.302083,0.982407 -> 0,1,0,0,0,0
0.3625,0.985185 -> 0,1,0,0,0,0
0.857292,0.985185 -> 0,1,0,0,0,0
0.420833,0.986111 -> 0,1,0,0,0,0
0.60625,0.986111 -> 0,1,0,0,0,0
0.647917,0.986111 -> 0,1,0,0,0,0
0.694792,0.986111 -> 0,1,0,0,0,0
0.238542,0.987037 -> 0,1,0,0,0,0
0.478125,0.987037 -> 0,1,0,0,0,0
0.538542,0.987037 -> 0,1,0,0,0,0
0.755208,0.987037 -> 0,1,0,0,0,0
0.811458,0.987037 -> 0,1,0,0,0,0
0.341667,0.999074 -> 0,1,0,0,0,0
0.459375,0.999074 -> 0,1,0,0,0,0
0.59375,0.999074 -> 0,1,0,0,0,0
